25
    0.5333     0.5181 
    0.2972     0.4944 
    0.1653     0.4625 
    0.1681     0.4000 
    0.1736     0.2625 
    0.4569     0.2167 
    0.5375     0.3722 
    0.5236     0.3319 
    0.3764     0.0306 
    0.4625     0.0306 
    0.6847     0.0528 
    0.6903     0.1875 
    0.6306     0.3444 
    0.7056     0.1944 
    0.8167     0.1875 
    0.9181     0.2708 
    0.9903     0.3347 
    0.8042     0.4014 
    0.6486     0.4319 
    0.8583     0.4139 
    0.8778     0.7167 
    0.8278     0.7750 
    0.7486     0.8208 
    0.5417     0.5431 
    0.5333     0.5181 

