55
    0.6300     0.3290 
    0.6300     0.2420 
    0.5450     0.1255 
    0.4085     0.1255 
    0.2340     0.1255 
    0.1105     0.2420 
    0.1105     0.4310 
    0.1105     0.6200 
    0.2415     0.7250 
    0.4085     0.7250 
    0.4665     0.7250 
    0.5100     0.7150 
    0.5450     0.6750 
    0.5700     0.6975 
    0.5700     0.6975 
    0.5950     0.7200 
    0.6050     0.7250 
    0.6050     0.7250 
    0.6150     0.7250 
    0.6300     0.7250 
    0.6300     0.7200 
    0.6300     0.7050 
    0.6300     0.6150 
    0.6300     0.6150 
    0.6300     0.5250 
    0.6300     0.5050 
    0.6300     0.5050 
    0.6050     0.5050 
    0.5900     0.5050 
    0.5850     0.5050 
    0.5850     0.5100 
    0.5700     0.6400 
    0.4960     0.6900 
    0.4230     0.6900 
    0.3870     0.6900 
    0.3215     0.6750 
    0.2780     0.6200 
    0.2415     0.5700 
    0.2415     0.4815 
    0.2415     0.4310 
    0.2415     0.3510 
    0.2415     0.2925 
    0.2705     0.2420 
    0.3070     0.1910 
    0.3650     0.1695 
    0.4230     0.1695 
    0.5050     0.1695 
    0.5900     0.2200 
    0.5900     0.3365 
    0.5900     0.3510 
    0.5950     0.3510 
    0.6150     0.3510 
    0.6300     0.3510 
    0.6300     0.3435 
    0.6300     0.3290 
